# Blender v2.79 (sub 0) OBJ File: 'bob3.blend'
# www.blender.org
mtllib bob2.mtl
o Cube.002
v -0.393312 4.227857 0.393312
v -0.393312 5.014480 0.393312
v -0.393312 4.227857 -0.393312
v -0.393312 5.014480 -0.393312
v 0.393312 4.227857 0.393312
v 0.393312 5.014480 0.393312
v 0.393312 4.227857 -0.393312
v 0.393312 5.014480 -0.393312
vn -1.0000 0.0000 0.0000
vn 0.0000 0.0000 -1.0000
vn 1.0000 0.0000 0.0000
vn 0.0000 0.0000 1.0000
vn 0.0000 -1.0000 0.0000
vn 0.0000 1.0000 0.0000
usemtl Material.014
s off
f 1//1 2//1 4//1 3//1
f 3//2 4//2 8//2 7//2
f 7//3 8//3 6//3 5//3
f 5//4 6//4 2//4 1//4
f 3//5 7//5 5//5 1//5
f 8//6 4//6 2//6 6//6
o Cube
v 0.739330 2.007265 -0.513389
v 0.739330 2.007265 0.513389
v -0.739330 2.007265 0.513389
v -0.739330 2.007265 -0.513389
v 0.739331 4.007265 -0.513388
v 0.739330 4.007265 0.513389
v -0.739331 4.007265 0.513388
v -0.739330 4.007265 -0.513389
vn 0.0000 -1.0000 0.0000
vn 0.0000 1.0000 0.0000
vn 1.0000 0.0000 0.0000
vn -0.0000 -0.0000 1.0000
vn -1.0000 -0.0000 -0.0000
vn 0.0000 0.0000 -1.0000
usemtl Material
s off
f 9//7 10//7 11//7 12//7
f 13//8 16//8 15//8 14//8
f 9//9 13//9 14//9 10//9
f 10//10 14//10 15//10 11//10
f 11//11 15//11 16//11 12//11
f 13//12 9//12 12//12 16//12
o Cube.001
v 0.173480 3.839834 -0.160935
v 0.173480 3.839834 0.160935
v -0.173480 3.839834 0.160935
v -0.173480 3.839834 -0.160935
v 0.173480 4.309123 -0.160935
v 0.173480 4.309123 0.160935
v -0.173480 4.309123 0.160935
v -0.173480 4.309123 -0.160935
vn 0.0000 -1.0000 -0.0000
vn 0.0000 1.0000 -0.0000
vn 1.0000 0.0000 0.0000
vn -0.0000 -0.0000 1.0000
vn -1.0000 -0.0000 -0.0000
vn 0.0000 0.0000 -1.0000
usemtl Material.001
s off
f 17//13 18//13 19//13 20//13
f 21//14 24//14 23//14 22//14
f 17//15 21//15 22//15 18//15
f 18//16 22//16 23//16 19//16
f 19//17 23//17 24//17 20//17
f 21//18 17//18 20//18 24//18
o Cube.003
v -0.459528 4.626712 0.459528
v -0.459528 5.303230 0.459528
v -0.459528 4.626712 -0.459528
v -0.459528 5.303230 -0.459528
v 0.459528 4.626712 0.459528
v 0.459528 5.303230 0.459528
v 0.459528 4.626712 -0.459528
v 0.459528 5.303230 -0.459528
vn -1.0000 0.0000 0.0000
vn 0.0000 0.0000 -1.0000
vn 1.0000 0.0000 0.0000
vn 0.0000 0.0000 1.0000
vn 0.0000 -1.0000 0.0000
vn 0.0000 1.0000 0.0000
usemtl Material.019
s off
f 25//19 26//19 28//19 27//19
f 27//20 28//20 32//20 31//20
f 31//21 32//21 30//21 29//21
f 29//22 30//22 26//22 25//22
f 27//23 31//23 29//23 25//23
f 32//24 28//24 26//24 30//24
o Cube.004
v -0.459528 4.429203 -0.160992
v -0.459528 5.105721 -0.160992
v -0.459528 4.429203 -0.465677
v -0.459528 5.105721 -0.465677
v 0.459528 4.429203 -0.160992
v 0.459528 5.105721 -0.160992
v 0.459528 4.429203 -0.465677
v 0.459528 5.105721 -0.465677
vn -1.0000 0.0000 0.0000
vn 0.0000 0.0000 -1.0000
vn 1.0000 0.0000 0.0000
vn 0.0000 0.0000 1.0000
vn 0.0000 -1.0000 0.0000
vn 0.0000 1.0000 0.0000
usemtl Material.020
s off
f 33//25 34//25 36//25 35//25
f 35//26 36//26 40//26 39//26
f 39//27 40//27 38//27 37//27
f 37//28 38//28 34//28 33//28
f 35//29 39//29 37//29 33//29
f 40//30 36//30 34//30 38//30
o Cube.005
v 1.203925 2.645905 0.037577
v 1.203925 2.745141 0.343767
v 0.856965 2.745141 0.343767
v 0.856965 2.645905 0.037577
v 1.203925 3.822533 -0.343767
v 1.203925 3.921769 -0.037577
v 0.856965 3.921769 -0.037577
v 0.856965 3.822533 -0.343767
vn -0.0000 -0.9513 0.3083
vn 0.0000 0.9513 -0.3083
vn 1.0000 0.0000 0.0000
vn -0.0000 0.3083 0.9513
vn -1.0000 -0.0000 -0.0000
vn 0.0000 -0.3083 -0.9513
usemtl Material.002
s off
f 41//31 42//31 43//31 44//31
f 45//32 48//32 47//32 46//32
f 41//33 45//33 46//33 42//33
f 42//34 46//34 47//34 43//34
f 43//35 47//35 48//35 44//35
f 45//36 41//36 44//36 48//36
o Cube.006
v -0.859130 2.645905 0.037577
v -0.859130 2.745141 0.343767
v -1.206089 2.745141 0.343767
v -1.206089 2.645905 0.037577
v -0.859130 3.822533 -0.343767
v -0.859130 3.921769 -0.037577
v -1.206089 3.921769 -0.037577
v -1.206089 3.822533 -0.343767
vn -0.0000 -0.9513 0.3083
vn 0.0000 0.9513 -0.3083
vn 1.0000 0.0000 0.0000
vn -0.0000 0.3083 0.9513
vn -1.0000 -0.0000 -0.0000
vn 0.0000 -0.3083 -0.9513
usemtl Material.003
s off
f 49//37 50//37 51//37 52//37
f 53//38 56//38 55//38 54//38
f 49//39 53//39 54//39 50//39
f 50//40 54//40 55//40 51//40
f 51//41 55//41 56//41 52//41
f 53//42 49//42 52//42 56//42
o Cube.007
v 1.203925 2.521353 1.300438
v 1.203925 2.841580 1.332909
v 0.856965 2.841580 1.332909
v 0.856965 2.521353 1.300438
v 1.203925 2.646133 0.069866
v 1.203925 2.966360 0.102337
v 0.856965 2.966360 0.102337
v 0.856965 2.646133 0.069866
vn 0.0000 -0.1009 0.9949
vn 0.0000 0.1009 -0.9949
vn 1.0000 0.0000 0.0000
vn 0.0000 0.9949 0.1009
vn -1.0000 0.0000 0.0000
vn 0.0000 -0.9949 -0.1009
usemtl Material.004
s off
f 57//43 58//43 59//43 60//43
f 61//44 64//44 63//44 62//44
f 57//45 61//45 62//45 58//45
f 58//46 62//46 63//46 59//46
f 59//47 63//47 64//47 60//47
f 61//48 57//48 60//48 64//48
o Cube.008
v -0.860027 2.503307 1.300438
v -0.860027 2.823534 1.332909
v -1.206987 2.823534 1.332909
v -1.206987 2.503307 1.300438
v -0.860027 2.628087 0.069866
v -0.860028 2.948314 0.102337
v -1.206987 2.948314 0.102337
v -1.206987 2.628087 0.069866
vn 0.0000 -0.1009 0.9949
vn 0.0000 0.1009 -0.9949
vn 1.0000 0.0000 0.0000
vn 0.0000 0.9949 0.1009
vn -1.0000 -0.0000 -0.0000
vn 0.0000 -0.9949 -0.1009
usemtl Material.005
s off
f 65//49 66//49 67//49 68//49
f 69//50 72//50 71//50 70//50
f 65//51 69//51 70//51 66//51
f 66//52 70//52 71//52 67//52
f 67//53 71//53 72//53 68//53
f 69//54 65//54 68//54 72//54
o Cube.009
v 1.098487 3.543698 -0.235481
v 1.098487 3.543698 0.015306
v 0.352518 3.543698 0.015306
v 0.352518 3.543698 -0.235481
v 1.098488 3.719529 -0.235481
v 1.098487 3.719529 0.015307
v 0.352517 3.719529 0.015306
v 0.352518 3.719529 -0.235481
vn 0.0000 -1.0000 -0.0000
vn 0.0000 1.0000 0.0000
vn 1.0000 -0.0000 0.0000
vn -0.0000 -0.0000 1.0000
vn -1.0000 -0.0000 -0.0000
vn 0.0000 0.0000 -1.0000
usemtl Material.006
s off
f 73//55 74//55 75//55 76//55
f 77//56 80//56 79//56 78//56
f 73//57 77//57 78//57 74//57
f 74//58 78//58 79//58 75//58
f 75//59 79//59 80//59 76//59
f 77//60 73//60 76//60 80//60
o Cube.010
v -0.324819 3.543698 -0.235481
v -0.324819 3.543698 0.015306
v -1.070789 3.543698 0.015306
v -1.070789 3.543698 -0.235481
v -0.324819 3.719529 -0.235481
v -0.324820 3.719529 0.015307
v -1.070789 3.719529 0.015306
v -1.070789 3.719529 -0.235481
vn 0.0000 -1.0000 -0.0000
vn 0.0000 1.0000 0.0000
vn 1.0000 0.0000 0.0000
vn -0.0000 -0.0000 1.0000
vn -1.0000 -0.0000 -0.0000
vn 0.0000 0.0000 -1.0000
usemtl Material.007
s off
f 81//61 82//61 83//61 84//61
f 85//62 88//62 87//62 86//62
f 81//63 85//63 86//63 82//63
f 82//64 86//64 87//64 83//64
f 83//65 87//65 88//65 84//65
f 85//66 81//66 84//66 88//66
o Cube.011
v -0.199632 3.514524 0.448741
v -0.199632 3.514524 0.699528
v -0.539666 4.178487 0.699528
v -0.539666 4.178487 0.448740
v -0.043130 3.594672 0.448741
v -0.043130 3.594673 0.699528
v -0.383164 4.258636 0.699528
v -0.383164 4.258636 0.448740
vn -0.8901 -0.4558 -0.0000
vn 0.8901 0.4558 0.0000
vn 0.4558 -0.8901 0.0000
vn 0.0000 0.0000 1.0000
vn -0.4558 0.8901 -0.0000
vn 0.0000 0.0000 -1.0000
usemtl Material.008
s off
f 89//67 90//67 91//67 92//67
f 93//68 96//68 95//68 94//68
f 89//69 93//69 94//69 90//69
f 90//70 94//70 95//70 91//70
f 91//71 95//71 96//71 92//71
f 93//72 89//72 92//72 96//72
o Cube.012
v 0.001584 3.606300 0.448741
v 0.001584 3.606300 0.699528
v 0.344885 4.268581 0.699528
v 0.344884 4.268580 0.448740
v 0.157689 3.525381 0.448741
v 0.157689 3.525381 0.699528
v 0.500990 4.187662 0.699528
v 0.500990 4.187662 0.448740
vn -0.8878 0.4602 0.0000
vn 0.8878 -0.4602 0.0000
vn -0.4602 -0.8878 -0.0000
vn -0.0000 0.0000 1.0000
vn 0.4602 0.8878 -0.0000
vn 0.0000 -0.0000 -1.0000
usemtl Material.009
s off
f 97//73 98//73 99//73 100//73
f 101//74 104//74 103//74 102//74
f 97//75 101//75 102//75 98//75
f 98//76 102//76 103//76 99//76
f 99//77 103//77 104//77 100//77
f 101//78 97//78 100//78 104//78
o Cube.013
v 0.262820 3.998565 0.501902
v 0.264610 4.215495 0.517793
v 0.249664 4.276062 -0.307309
v 0.247874 4.059133 -0.323201
v 0.464091 3.997179 0.498155
v 0.465880 4.214109 0.514046
v 0.450935 4.274677 -0.311057
v 0.449145 4.057747 -0.326948
vn -0.9998 0.0069 0.0186
vn 0.9998 -0.0069 -0.0186
vn 0.0181 -0.0732 0.9972
vn 0.0082 0.9973 0.0731
vn -0.0181 0.0732 -0.9972
vn -0.0082 -0.9973 -0.0731
usemtl Material.010
s off
f 105//79 106//79 107//79 108//79
f 109//80 112//80 111//80 110//80
f 105//81 109//81 110//81 106//81
f 106//82 110//82 111//82 107//82
f 107//83 111//83 112//83 108//83
f 109//84 105//84 108//84 112//84
o Cube.014_Cube.015
v -0.566819 3.998565 0.491033
v -0.566559 4.215495 0.507023
v -0.502464 4.276062 -0.315722
v -0.502725 4.059133 -0.331712
v -0.366114 3.997179 0.506567
v -0.365853 4.214109 0.522557
v -0.301759 4.274677 -0.300188
v -0.302019 4.057747 -0.316178
vn -0.9970 0.0069 -0.0772
vn 0.9970 -0.0069 0.0772
vn -0.0775 -0.0732 0.9943
vn 0.0012 0.9973 0.0735
vn 0.0775 0.0732 -0.9943
vn -0.0012 -0.9973 -0.0735
usemtl Material.012
s off
f 113//85 114//85 115//85 116//85
f 117//86 120//86 119//86 118//86
f 113//87 117//87 118//87 114//87
f 114//88 118//88 119//88 115//88
f 115//89 119//89 120//89 116//89
f 117//90 113//90 116//90 120//90
o Cube.015_Cube.016
v -0.465979 4.049003 -0.475802
v -0.458293 4.258214 -0.475525
v 0.471578 4.223956 -0.404843
v 0.463891 4.014745 -0.405121
v -0.480666 4.049286 -0.282446
v -0.472979 4.258497 -0.282169
v 0.456891 4.224239 -0.211488
v 0.449204 4.015028 -0.211765
vn 0.0757 -0.0015 -0.9971
vn -0.0757 0.0015 0.9971
vn -0.9965 0.0367 -0.0757
vn 0.0367 0.9993 0.0013
vn 0.9965 -0.0367 0.0757
vn -0.0367 -0.9993 -0.0013
usemtl Material.013
s off
f 121//91 122//91 123//91 124//91
f 125//92 128//92 127//92 126//92
f 121//93 125//93 126//93 122//93
f 122//94 126//94 127//94 123//94
f 123//95 127//95 128//95 124//95
f 125//96 121//96 124//96 128//96
o Cube.016_Cube.017
v -0.277376 3.535874 0.555714
v -0.277376 4.035969 0.555714
v -0.277376 3.535874 0.055619
v -0.277376 4.035969 0.055619
v 0.222719 3.535874 0.555714
v 0.222719 4.035969 0.555714
v 0.222719 3.535874 0.055619
v 0.222719 4.035969 0.055619
vn -1.0000 0.0000 0.0000
vn 0.0000 0.0000 -1.0000
vn 1.0000 0.0000 0.0000
vn 0.0000 0.0000 1.0000
vn 0.0000 -1.0000 0.0000
vn 0.0000 1.0000 0.0000
usemtl Material.015
s off
f 129//97 130//97 132//97 131//97
f 131//98 132//98 136//98 135//98
f 135//99 136//99 134//99 133//99
f 133//100 134//100 130//100 129//100
f 131//101 135//101 133//101 129//101
f 136//102 132//102 130//102 134//102
o Cube.017_Cube.018
v -0.292332 3.516818 0.511675
v -0.293692 3.639449 0.514345
v 0.252941 3.645261 0.526013
v 0.254302 3.522629 0.523343
v -0.294729 3.514318 0.625243
v -0.296090 3.636949 0.627914
v 0.250544 3.642761 0.639582
v 0.251904 3.520129 0.636912
vn 0.0211 0.0220 -0.9995
vn -0.0211 -0.0220 0.9995
vn -0.9997 -0.0106 -0.0213
vn -0.0111 0.9997 0.0218
vn 0.9997 0.0106 0.0213
vn 0.0111 -0.9997 -0.0218
usemtl Material.016
s off
f 137//103 138//103 139//103 140//103
f 141//104 144//104 143//104 142//104
f 137//105 141//105 142//105 138//105
f 138//106 142//106 143//106 139//106
f 139//107 143//107 144//107 140//107
f 141//108 137//108 140//108 144//108
o Cube.018_Cube.019
v 1.164390 2.532545 1.420241
v 1.164390 2.779794 1.445312
v 0.896500 2.779794 1.445312
v 0.896500 2.532545 1.420241
v 1.164390 2.628888 0.470109
v 1.164390 2.876137 0.495180
v 0.896500 2.876137 0.495180
v 0.896500 2.628888 0.470109
vn 0.0000 -0.1009 0.9949
vn 0.0000 0.1009 -0.9949
vn 1.0000 0.0000 0.0000
vn -0.0000 0.9949 0.1009
vn -1.0000 -0.0000 -0.0000
vn 0.0000 -0.9949 -0.1009
usemtl Material.017
s off
f 145//109 146//109 147//109 148//109
f 149//110 152//110 151//110 150//110
f 145//111 149//111 150//111 146//111
f 146//112 150//112 151//112 147//112
f 147//113 151//113 152//113 148//113
f 149//114 145//114 148//114 152//114
o Cube.019_Cube.020
v -0.889003 2.525625 1.420241
v -0.889003 2.772874 1.445312
v -1.156893 2.772874 1.445312
v -1.156893 2.525625 1.420241
v -0.889003 2.621969 0.470109
v -0.889003 2.869218 0.495180
v -1.156893 2.869218 0.495180
v -1.156893 2.621969 0.470109
vn 0.0000 -0.1009 0.9949
vn 0.0000 0.1009 -0.9949
vn 1.0000 0.0000 0.0000
vn 0.0000 0.9949 0.1009
vn -1.0000 0.0000 0.0000
vn 0.0000 -0.9949 -0.1009
usemtl Material.018
s off
f 153//115 154//115 155//115 156//115
f 157//116 160//116 159//116 158//116
f 153//117 157//117 158//117 154//117
f 154//118 158//118 159//118 155//118
f 155//119 159//119 160//119 156//119
f 157//120 153//120 156//120 160//120
