# Blender v2.79 (sub 0) OBJ File: 'corn2.blend'
# www.blender.org
mtllib corn2.mtl
o Cube
v 0.115843 -0.115843 -0.115843
v 0.115843 -0.115843 0.115843
v -0.115843 -0.115843 0.115843
v -0.115843 -0.115843 -0.115844
v 0.115844 0.115843 -0.115843
v 0.115843 0.115843 0.115844
v -0.115844 0.115843 0.115843
v -0.115843 0.115843 -0.115843
v 0.115844 0.115843 -0.115843
v 0.115843 0.115843 0.115844
v -0.115843 0.115843 -0.115843
v -0.115844 0.115843 0.115843
v 0.115844 3.643873 -0.115843
v 0.115843 3.643873 0.115844
v -0.115843 3.643873 -0.115843
v -0.115844 3.643873 0.115843
vn 0.0000 -1.0000 -0.0000
vn 0.0000 0.0000 1.0000
vn 1.0000 0.0000 0.0000
vn -1.0000 -0.0000 -0.0000
vn 0.0000 0.0000 -1.0000
vn 0.0000 1.0000 0.0000
usemtl Material
s off
f 1//1 2//1 3//1 4//1
f 7//2 6//2 10//2 12//2
f 1//3 5//3 6//3 2//3
f 2//2 6//2 7//2 3//2
f 3//4 7//4 8//4 4//4
f 5//5 1//5 4//5 8//5
f 12//2 10//2 14//2 16//2
f 6//2 5//2 9//2 10//2
f 8//2 7//2 12//2 11//2
f 5//2 8//2 11//2 9//2
f 13//6 15//6 16//6 14//6
f 10//3 9//3 13//3 14//3
f 11//4 12//4 16//4 15//4
f 9//5 11//5 15//5 13//5
o Cube.001
v 0.059305 0.938508 -0.027361
v 0.059305 0.938508 0.058477
v -0.012923 0.892126 0.058477
v -0.012923 0.892126 -0.027361
v 0.012923 1.010736 -0.027361
v 0.012923 1.010736 0.058477
v -0.059305 0.964354 0.058477
v -0.059305 0.964354 -0.027361
v 0.012923 1.010736 -0.027361
v 0.012923 1.010736 0.058477
v -0.059305 0.964354 -0.027361
v -0.059305 0.964354 0.058477
v -0.693358 2.110586 -0.027361
v -0.693358 2.110586 0.058477
v -0.765586 2.064204 -0.027361
v -0.765586 2.064204 0.058477
vn 0.5403 -0.8414 0.0000
vn 0.0000 0.0000 1.0000
vn 0.8414 0.5403 0.0000
vn -0.8414 -0.5403 0.0000
vn 0.0000 0.0000 -1.0000
vn -0.5403 0.8414 0.0000
usemtl Material.001
s off
f 17//7 18//7 19//7 20//7
f 23//8 22//8 26//8 28//8
f 17//9 21//9 22//9 18//9
f 18//8 22//8 23//8 19//8
f 19//10 23//10 24//10 20//10
f 21//11 17//11 20//11 24//11
f 28//8 26//8 30//8 32//8
f 22//8 21//8 25//8 26//8
f 24//8 23//8 28//8 27//8
f 21//8 24//8 27//8 25//8
f 29//12 31//12 32//12 30//12
f 26//9 25//9 29//9 30//9
f 27//10 28//10 32//10 31//10
f 25//11 27//11 31//11 29//11
o Cube.007
v -0.217943 1.515648 0.138917
v -0.778103 2.255545 0.145143
v -0.423586 1.359941 0.141203
v -0.983746 2.099837 0.147429
v -0.220810 1.515648 -0.119018
v -0.780970 2.255545 -0.112792
v -0.426453 1.359941 -0.116732
v -0.986613 2.099837 -0.110506
vn 0.0111 -0.0000 0.9999
vn -0.7972 -0.6036 0.0089
vn -0.0111 0.0000 -0.9999
vn 0.7972 0.6036 -0.0089
vn 0.6036 -0.7973 -0.0067
vn -0.6036 0.7973 0.0067
usemtl Material.007
s off
f 33//13 34//13 36//13 35//13
f 35//14 36//14 40//14 39//14
f 39//15 40//15 38//15 37//15
f 37//16 38//16 34//16 33//16
f 35//17 39//17 37//17 33//17
f 40//18 36//18 34//18 38//18
o Cube.009
v -0.475251 1.291182 -0.114798
v -0.185667 1.484073 -0.104412
v -0.197337 1.498732 -0.051267
v -0.486921 1.305840 -0.061652
v -0.502290 1.332711 -0.132190
v -0.212706 1.525603 -0.121805
v -0.224376 1.540262 -0.068659
v -0.513960 1.347370 -0.079044
v -0.502290 1.332711 -0.132190
v -0.212706 1.525603 -0.121805
v -0.513960 1.347370 -0.079044
v -0.224376 1.540262 -0.068659
v -0.914030 1.965106 -0.397030
v -0.624446 2.157998 -0.386644
v -0.925700 1.979765 -0.343884
v -0.636116 2.172657 -0.333499
vn 0.5148 -0.7907 0.3312
vn 0.0000 0.0000 1.0000
vn 0.2071 -0.2601 -0.9431
vn 0.8319 0.5541 0.0298
vn -0.2071 0.2601 0.9431
vn -0.8319 -0.5541 -0.0298
vn -0.5148 0.7907 -0.3312
usemtl Material.009
s off
f 41//19 42//19 43//19 44//19
f 47//20 46//20 50//20 52//20
f 41//21 45//21 46//21 42//21
f 42//22 46//22 47//22 43//22
f 43//23 47//23 48//23 44//23
f 45//24 41//24 44//24 48//24
f 52//22 50//22 54//22 56//22
f 46//20 45//20 49//20 50//20
f 48//20 47//20 52//20 51//20
f 45//20 48//20 51//20 49//20
f 53//25 55//25 56//25 54//25
f 50//21 49//21 53//21 54//21
f 51//23 52//23 56//23 55//23
f 49//24 51//24 55//24 53//24
o Cube.010
v -0.537432 1.367929 0.219127
v -0.536431 1.386600 -0.128471
v -0.497473 1.427252 -0.126176
v -0.498474 1.408581 0.221422
v -0.575379 1.404191 0.220965
v -0.574378 1.422862 -0.126633
v -0.535421 1.463514 -0.124337
v -0.536421 1.444843 0.223261
v -0.575379 1.404191 0.220965
v -0.574378 1.422862 -0.126633
v -0.536421 1.444843 0.223261
v -0.535421 1.463514 -0.124337
v -1.153222 1.956375 0.248962
v -1.152221 1.975046 -0.098637
v -1.114264 1.997027 0.251257
v -1.113264 2.015698 -0.096341
vn 0.7225 -0.6904 -0.0350
vn 0.0000 0.0000 1.0000
vn -0.6913 -0.7214 -0.0407
vn 0.0029 0.0536 -0.9986
vn 0.6913 0.7214 0.0407
vn -0.0029 -0.0536 0.9986
vn -0.7225 0.6904 0.0350
usemtl Material.010
s off
f 57//26 58//26 59//26 60//26
f 63//27 62//27 66//27 68//27
f 57//28 61//28 62//28 58//28
f 58//29 62//29 63//29 59//29
f 59//30 63//30 64//30 60//30
f 61//31 57//31 60//31 64//31
f 68//29 66//29 70//29 72//29
f 62//27 61//27 65//27 66//27
f 64//27 63//27 68//27 67//27
f 61//27 64//27 67//27 65//27
f 69//32 71//32 72//32 70//32
f 66//28 65//28 69//28 70//28
f 67//30 68//30 72//30 71//30
f 65//31 67//31 71//31 69//31
o Cube.014
v 0.033820 2.237709 0.045597
v 0.031897 2.237709 -0.040219
v 0.104107 2.191327 -0.041837
v 0.106029 2.191327 0.043979
v 0.080190 2.309936 0.044558
v 0.078267 2.309936 -0.041258
v 0.150477 2.263555 -0.042876
v 0.152399 2.263555 0.042940
v 0.080190 2.309936 0.044558
v 0.078267 2.309936 -0.041258
v 0.152399 2.263555 0.042940
v 0.150477 2.263555 -0.042876
v 0.786294 3.409787 0.028739
v 0.784371 3.409787 -0.057077
v 0.858503 3.363405 0.027121
v 0.856580 3.363405 -0.058695
vn -0.5402 -0.8414 0.0121
vn 0.0000 0.0000 1.0000
vn -0.8412 0.5403 0.0188
vn -0.0224 -0.0000 -0.9997
vn 0.8412 -0.5403 -0.0188
vn 0.0224 0.0000 0.9997
vn 0.5402 0.8414 -0.0121
usemtl Material.014
s off
f 73//33 74//33 75//33 76//33
f 79//34 78//34 82//34 84//34
f 73//35 77//35 78//35 74//35
f 74//36 78//36 79//36 75//36
f 75//37 79//37 80//37 76//37
f 77//38 73//38 76//38 80//38
f 84//36 82//36 86//36 88//36
f 78//34 77//34 81//34 82//34
f 80//34 79//34 84//34 83//34
f 77//34 80//34 83//34 81//34
f 85//39 87//39 88//39 86//39
f 82//35 81//35 85//35 86//35
f 83//37 84//37 88//37 87//37
f 81//38 83//38 87//38 85//38
o Cube.013
v 0.307273 2.814848 -0.126849
v 0.867154 3.554745 -0.145621
v 0.512813 2.659141 -0.133741
v 1.072694 3.399038 -0.152512
v 0.315917 2.814848 0.130957
v 0.875797 3.554745 0.112186
v 0.521457 2.659141 0.124066
v 1.081337 3.399038 0.105295
vn -0.0335 0.0000 -0.9994
vn 0.7968 -0.6036 -0.0267
vn 0.0335 -0.0000 0.9994
vn -0.7968 0.6036 0.0267
vn -0.6033 -0.7973 0.0202
vn 0.6033 0.7973 -0.0202
usemtl Material.013
s off
f 89//40 90//40 92//40 91//40
f 91//41 92//41 96//41 95//41
f 95//42 96//42 94//42 93//42
f 93//43 94//43 90//43 89//43
f 91//44 95//44 93//44 89//44
f 96//45 92//45 90//45 94//45
o Cube.012
v 0.570199 2.590382 0.121039
v 0.280456 2.783274 0.117142
v 0.290932 2.797933 0.063748
v 0.580676 2.605041 0.067645
v 0.597621 2.631912 0.137821
v 0.307877 2.824804 0.133924
v 0.318354 2.839462 0.080530
v 0.608098 2.646570 0.084427
v 0.597621 2.631912 0.137821
v 0.307877 2.824804 0.133924
v 0.608098 2.646570 0.084427
v 0.318354 2.839462 0.080530
v 1.015190 3.264307 0.393373
v 0.725446 3.457198 0.389476
v 1.025667 3.278965 0.339979
v 0.735923 3.471857 0.336082
vn -0.5221 -0.7907 -0.3195
vn 0.0000 0.0000 1.0000
vn -0.1859 -0.2601 0.9475
vn -0.8324 0.5541 -0.0112
vn 0.1859 0.2601 -0.9475
vn 0.8324 -0.5541 0.0112
vn 0.5221 0.7907 0.3195
usemtl Material.012
s off
f 97//46 98//46 99//46 100//46
f 103//47 102//47 106//47 108//47
f 97//48 101//48 102//48 98//48
f 98//49 102//49 103//49 99//49
f 99//50 103//50 104//50 100//50
f 101//51 97//51 100//51 104//51
f 108//49 106//49 110//49 112//49
f 102//47 101//47 105//47 106//47
f 104//47 103//47 108//47 107//47
f 101//47 104//47 107//47 105//47
f 109//52 111//52 112//52 110//52
f 106//48 105//48 109//48 110//48
f 107//50 108//50 112//50 111//50
f 105//51 107//51 111//51 109//51
o Cube.011
v 0.624886 2.667130 -0.214195
v 0.631671 2.685801 0.133339
v 0.592671 2.726452 0.131916
v 0.585886 2.707782 -0.215617
v 0.662782 2.703392 -0.216883
v 0.669567 2.722063 0.130651
v 0.630568 2.762715 0.129228
v 0.623783 2.744044 -0.218305
v 0.662782 2.703392 -0.216883
v 0.669567 2.722063 0.130651
v 0.623783 2.744044 -0.218305
v 0.630568 2.762715 0.129228
v 1.239853 3.255576 -0.257815
v 1.246638 3.274247 0.089719
v 1.200854 3.296227 -0.259237
v 1.207639 3.314898 0.088296
vn -0.7216 -0.6904 0.0512
vn 0.0000 0.0000 1.0000
vn 0.6921 -0.7214 0.0252
vn 0.0195 0.0536 0.9984
vn -0.6921 0.7214 -0.0252
vn -0.0195 -0.0536 -0.9984
vn 0.7216 0.6905 -0.0512
usemtl Material.011
s off
f 113//53 114//53 115//53 116//53
f 119//54 118//54 122//54 124//54
f 113//55 117//55 118//55 114//55
f 114//56 118//56 119//56 115//56
f 115//57 119//57 120//57 116//57
f 117//58 113//58 116//58 120//58
f 124//56 122//56 126//56 128//56
f 118//54 117//54 121//54 122//54
f 120//54 119//54 124//54 123//54
f 117//54 120//54 123//54 121//54
f 125//59 127//59 128//59 126//59
f 122//55 121//55 125//55 126//55
f 123//57 124//57 128//57 127//57
f 121//58 123//58 127//58 125//58
o Cube.005_Cube.018
v 0.214149 1.842505 0.661073
v -0.133448 1.861176 0.659589
v -0.131098 1.901827 0.620634
v 0.216499 1.883156 0.622119
v 0.215934 1.878767 0.699023
v -0.131662 1.897438 0.697539
v -0.129312 1.938089 0.658584
v 0.218284 1.919419 0.660068
v 0.215934 1.878767 0.699023
v -0.131662 1.897438 0.697539
v 0.218284 1.919419 0.660068
v -0.129312 1.938089 0.658584
v 0.243126 2.430951 1.276905
v -0.104470 2.449621 1.275420
v 0.245476 2.471602 1.237950
v -0.102120 2.490273 1.236465
vn -0.0340 -0.6905 -0.7226
vn 0.0000 0.0000 1.0000
vn -0.0417 -0.7214 0.6913
vn -0.9986 0.0536 -0.0043
vn 0.0417 0.7214 -0.6913
vn 0.9986 -0.0536 0.0043
vn 0.0340 0.6904 0.7226
usemtl Material.018
s off
f 129//60 130//60 131//60 132//60
f 135//61 134//61 138//61 140//61
f 129//62 133//62 134//62 130//62
f 130//63 134//63 135//63 131//63
f 131//64 135//64 136//64 132//64
f 133//65 129//65 132//65 136//65
f 140//63 138//63 142//63 144//63
f 134//61 133//61 137//61 138//61
f 136//61 135//61 140//61 139//61
f 133//61 136//61 139//61 137//61
f 141//66 143//66 144//66 142//66
f 138//62 137//62 141//62 142//62
f 139//64 140//64 144//64 143//64
f 137//65 139//65 143//65 141//65
o Cube.004_Cube.017
v -0.119689 1.765757 0.598428
v -0.108901 1.958649 0.308858
v -0.055771 1.973307 0.320602
v -0.066560 1.780416 0.610172
v -0.137119 1.807287 0.625442
v -0.126330 2.000178 0.335873
v -0.073201 2.014837 0.347617
v -0.083989 1.821945 0.637187
v -0.137119 1.807287 0.625442
v -0.126330 2.000178 0.335873
v -0.083989 1.821945 0.637187
v -0.073201 2.014837 0.347617
v -0.402532 2.439682 1.036813
v -0.391743 2.632573 0.747244
v -0.349402 2.454340 1.048557
v -0.338614 2.647232 0.758988
vn 0.3319 -0.7907 -0.5144
vn 0.0000 0.0000 1.0000
vn -0.9428 -0.2601 -0.2084
vn 0.0310 0.5541 -0.8319
vn 0.9428 0.2601 0.2084
vn -0.0310 -0.5541 0.8319
vn -0.3319 0.7907 0.5144
usemtl Material.017
s off
f 145//67 146//67 147//67 148//67
f 151//68 150//68 154//68 156//68
f 145//69 149//69 150//69 146//69
f 146//70 150//70 151//70 147//70
f 147//71 151//71 152//71 148//71
f 149//72 145//72 148//72 152//72
f 156//70 154//70 158//70 160//70
f 150//68 149//68 153//68 154//68
f 152//68 151//68 156//68 155//68
f 149//68 152//68 155//68 153//68
f 157//73 159//73 160//73 158//73
f 154//69 153//69 157//69 158//69
f 155//71 156//71 160//71 159//71
f 153//72 155//72 159//72 157//72
o Cube.003_Cube.016
v 0.134384 1.990223 0.341473
v 0.139830 2.730120 0.901641
v 0.136383 1.834516 0.547119
v 0.141830 2.574413 1.107287
v -0.123555 1.990223 0.343981
v -0.118109 2.730120 0.904149
v -0.121556 1.834516 0.549627
v -0.116109 2.574413 1.109795
vn 1.0000 0.0000 -0.0097
vn 0.0078 -0.6036 0.7972
vn -1.0000 0.0000 0.0097
vn -0.0078 0.6036 -0.7972
vn -0.0059 -0.7973 -0.6036
vn 0.0059 0.7973 0.6036
usemtl Material.016
s off
f 161//74 162//74 164//74 163//74
f 163//75 164//75 168//75 167//75
f 167//76 168//76 166//76 165//76
f 165//77 166//77 162//77 161//77
f 163//78 167//78 165//78 161//78
f 168//79 164//79 162//79 166//79
o Cube.002_Cube.015
v -0.031508 1.413084 0.063994
v 0.054329 1.413084 0.064114
v 0.054229 1.366702 0.136341
v -0.031609 1.366702 0.136222
v -0.031573 1.485311 0.110376
v 0.054265 1.485311 0.110495
v 0.054164 1.438929 0.182723
v -0.031673 1.438929 0.182603
v -0.031573 1.485311 0.110376
v 0.054265 1.485311 0.110495
v -0.031673 1.438929 0.182603
v 0.054164 1.438929 0.182723
v -0.032556 2.585161 0.816656
v 0.053281 2.585161 0.816776
v -0.032657 2.538780 0.888884
v 0.053181 2.538780 0.889003
vn 0.0008 -0.8414 -0.5403
vn 0.0000 0.0000 1.0000
vn 0.0012 0.5403 -0.8414
vn 1.0000 -0.0000 0.0014
vn -0.0012 -0.5403 0.8414
vn -1.0000 0.0000 -0.0014
vn -0.0008 0.8414 0.5403
usemtl Material.015
s off
f 169//80 170//80 171//80 172//80
f 175//81 174//81 178//81 180//81
f 169//82 173//82 174//82 170//82
f 170//83 174//83 175//83 171//83
f 171//84 175//84 176//84 172//84
f 173//85 169//85 172//85 176//85
f 180//83 178//83 182//83 184//83
f 174//81 173//81 177//81 178//81
f 176//81 175//81 180//81 179//81
f 173//81 176//81 179//81 177//81
f 181//86 183//86 184//86 182//86
f 178//82 177//82 181//82 182//82
f 179//84 180//84 184//84 183//84
f 177//85 179//85 183//85 181//85
o Cube.016_Cube.022
v -0.003737 0.299915 -0.074429
v -0.089573 0.299915 -0.074949
v -0.089135 0.253533 -0.147176
v -0.003299 0.253533 -0.146656
v -0.003456 0.372142 -0.120810
v -0.089292 0.372142 -0.121330
v -0.088854 0.325760 -0.193557
v -0.003018 0.325760 -0.193036
v -0.003456 0.372142 -0.120810
v -0.089292 0.372142 -0.121330
v -0.003018 0.325760 -0.193036
v -0.088854 0.325760 -0.193557
v 0.000823 1.471992 -0.827078
v -0.085013 1.471992 -0.827598
v 0.001261 1.425611 -0.899304
v -0.084575 1.425611 -0.899825
vn -0.0033 -0.8414 0.5403
vn 0.0000 0.0000 1.0000
vn -0.0051 0.5403 0.8414
vn -1.0000 -0.0000 -0.0061
vn 0.0051 -0.5403 -0.8414
vn 1.0000 0.0000 0.0061
vn 0.0033 0.8414 -0.5403
usemtl Material.022
s off
f 185//87 186//87 187//87 188//87
f 191//88 190//88 194//88 196//88
f 185//89 189//89 190//89 186//89
f 186//90 190//90 191//90 187//90
f 187//91 191//91 192//91 188//91
f 189//92 185//92 188//92 192//92
f 196//90 194//90 198//90 200//90
f 190//88 189//88 193//88 194//88
f 192//88 191//88 196//88 195//88
f 189//88 192//88 195//88 193//88
f 197//93 199//93 200//93 198//93
f 194//89 193//89 197//89 198//89
f 195//91 196//91 200//91 199//91
f 193//92 195//92 199//92 197//92
o Cube.015_Cube.021
v -0.168332 0.877054 -0.352679
v -0.171165 1.616951 -0.912867
v -0.169372 0.721347 -0.558332
v -0.172204 1.461244 -1.118520
v 0.089616 0.877054 -0.353983
v 0.086783 1.616951 -0.914171
v 0.088576 0.721347 -0.559636
v 0.085744 1.461244 -1.119824
vn -1.0000 0.0000 0.0051
vn -0.0040 -0.6036 -0.7973
vn 1.0000 0.0000 -0.0051
vn 0.0040 0.6036 0.7973
vn 0.0031 -0.7973 0.6036
vn -0.0031 0.7973 -0.6036
usemtl Material.021
s off
f 201//94 202//94 204//94 203//94
f 203//95 204//95 208//95 207//95
f 207//96 208//96 206//96 205//96
f 205//97 206//97 202//97 201//97
f 203//98 207//98 205//98 201//98
f 208//99 204//99 202//99 206//99
o Cube.008_Cube.020
v 0.086937 0.652588 -0.608445
v 0.074797 0.845480 -0.318929
v 0.021723 0.860139 -0.330921
v 0.033863 0.667247 -0.620437
v 0.104493 0.694118 -0.635378
v 0.092353 0.887010 -0.345863
v 0.039279 0.901668 -0.357855
v 0.051419 0.708776 -0.647370
v 0.104493 0.694118 -0.635378
v 0.092353 0.887010 -0.345863
v 0.051419 0.708776 -0.647370
v 0.039279 0.901668 -0.357855
v 0.371823 1.326513 -1.045506
v 0.359683 1.519404 -0.755990
v 0.318749 1.341171 -1.057498
v 0.306609 1.534063 -0.767982
vn -0.3343 -0.7907 0.5128
vn 0.0000 0.0000 1.0000
vn 0.9418 -0.2601 0.2128
vn -0.0349 0.5541 0.8317
vn -0.9418 0.2601 -0.2128
vn 0.0349 -0.5541 -0.8317
vn 0.3343 0.7907 -0.5128
usemtl Material.020
s off
f 209//100 210//100 211//100 212//100
f 215//101 214//101 218//101 220//101
f 209//102 213//102 214//102 210//102
f 210//103 214//103 215//103 211//103
f 211//104 215//104 216//104 212//104
f 213//105 209//105 212//105 216//105
f 220//103 218//103 222//103 224//103
f 214//101 213//101 217//101 218//101
f 216//101 215//101 220//101 219//101
f 213//101 216//101 219//101 217//101
f 221//106 223//106 224//106 222//106
f 218//102 217//102 221//102 222//102
f 219//104 220//104 224//104 223//104
f 217//105 219//105 223//105 221//105
o Cube.006_Cube.019
v -0.246605 0.729336 -0.672649
v 0.100981 0.748007 -0.669542
v 0.098449 0.788658 -0.630598
v -0.249136 0.769988 -0.633705
v -0.248213 0.765598 -0.710606
v 0.099373 0.784269 -0.707499
v 0.096841 0.824920 -0.668556
v -0.250745 0.806250 -0.671663
v -0.248213 0.765598 -0.710606
v 0.099373 0.784269 -0.707499
v -0.250745 0.806250 -0.671663
v 0.096841 0.824920 -0.668556
v -0.272708 1.317782 -1.288608
v 0.074878 1.336452 -1.285501
v -0.275239 1.358433 -1.249665
v 0.072346 1.377104 -1.246558
vn 0.0306 -0.6904 0.7227
vn 0.0000 0.0000 1.0000
vn 0.0449 -0.7214 -0.6911
vn 0.9985 0.0536 0.0089
vn -0.0449 0.7214 0.6911
vn -0.9985 -0.0536 -0.0089
vn -0.0306 0.6905 -0.7227
usemtl Material.019
s off
f 225//107 226//107 227//107 228//107
f 231//108 230//108 234//108 236//108
f 225//109 229//109 230//109 226//109
f 226//110 230//110 231//110 227//110
f 227//111 231//111 232//111 228//111
f 229//112 225//112 228//112 232//112
f 236//110 234//110 238//110 240//110
f 230//108 229//108 233//108 234//108
f 232//108 231//108 236//108 235//108
f 229//108 232//108 235//108 233//108
f 237//113 239//113 240//113 238//113
f 234//109 233//109 237//109 238//109
f 235//111 236//111 240//111 239//111
f 233//112 235//112 239//112 237//112
